seq,payload_bytes,client_send_ns,client_recv_ns,rtt_ms,server_recv_ns,server_send_ns,server_proc_ms,throughput_bps,jitter_ms
1,1024,1523514715044,1523658833316,144.118272,1605652473027,1605654431011,1.957984,56842.20,
2,1024,1523680017253,1523781953466,101.936213,1605777590611,1605777938702,0.348091,80363.98,42.182059
3,1024,1523788204164,1523921650044,133.445880,1605914867018,1605916092363,1.225345,61388.18,31.509667
4,1024,1523932154055,1524037981283,105.827228,1606031768010,1606032723796,0.955786,77409.19,27.618652
5,1024,1524045198343,1524321350177,276.151834,1606313569971,1606315718703,2.148732,29664.84,170.324606
6,1024,1524332589516,1524489523543,156.934027,1606482996897,1606483565536,0.568639,52200.28,119.217807
7,1024,1524495375560,1524601415736,106.040176,1606595811389,1606596313673,0.502284,77253.74,50.893851
8,1024,1524612020585,1524723635653,111.615068,1606715162901,1606717601714,2.438813,73395.11,5.574892
9,1024,1524731202226,1524892785024,161.582798,1606886440983,1606887195705,0.754722,50698.47,49.967730
10,1024,1524906277623,1525013182871,106.905248,1607004294961,1607005758925,1.463964,76628.60,54.677550
11,1024,1525019271321,1525122959343,103.688022,1607115836094,1607117189940,1.353846,79006.23,3.217226
12,1024,1525130150279,1525246052041,115.901762,1607232121702,1607238449363,6.327661,70680.55,12.213740
13,1024,1525259456348,1525653198934,393.742586,1607644310395,1607645284745,0.974350,20805.47,277.840824
14,1024,1525659380997,1525767854572,108.473575,1607758427812,1607761333473,2.905661,75520.70,285.269011
15,1024,1525782211202,1525986520382,204.309180,1607976213819,1607979461160,3.247341,40096.09,95.835605
16,1024,1525992756400,1526136476095,143.719695,1608128630732,1608129222195,0.591463,56999.84,60.589485
17,1024,1526148429108,1526275729707,127.300599,1608268227028,1608268863377,0.636349,64351.62,16.419096
18,1024,1526282575212,1526399769479,117.194267,1608392383646,1608392928701,0.545055,69901.03,10.106332
19,1024,1526407693490,1526517322429,109.628939,1608504574532,1608506872535,2.298003,74724.80,7.565328
20,1024,1526523101456,1526689584205,166.482749,1608679321951,1608682108417,2.786466,49206.30,56.853810
21,1024,1526705089132,1527086008596,380.919464,1609069577915,1609071575027,1.997112,21505.86,214.436715
22,1024,1527093475020,1527217556585,124.081565,1609197043632,1609206975988,9.932356,66021.09,256.837899
23,1024,1527227136498,1527335981502,108.845004,1609326522296,1609327030030,0.507734,75262.99,15.236561
24,1024,1527347144900,1527452830908,105.686008,1609441826238,1609444157731,2.331493,77512.63,3.158996
25,1024,1527462009579,1527570947851,108.938272,1609562138878,1609562928447,0.789569,75198.55,3.252264
26,1024,1527578043476,1527686108897,108.065421,1609674213709,1609677764836,3.551127,75805.93,0.872851
27,1024,1527693833785,1527809961605,116.127820,1609796573266,1609801638053,5.064787,70542.96,8.062399
28,1024,1527819463009,1527935256729,115.793720,1609921616042,1609925207122,3.591080,70746.50,0.334100
29,1024,1527942516589,1528054682544,112.165955,1610036479785,1610046119653,9.639868,73034.64,3.627765
30,1024,1528060454160,1528221163271,160.709111,1610211649514,1610212475258,0.825744,50974.09,48.543156
31,1024,1528228680525,1528336234556,107.554031,1610325254745,1610327134722,1.879977,76166.37,53.155080
32,1024,1528341684130,1528459736778,118.052648,1610444946024,1610449828982,4.882958,69392.77,10.498617
33,1024,1528466982801,1528571573433,104.590632,1610561995509,1610562467116,0.471607,78324.41,13.462016
34,1024,1528577438512,1529073717872,496.279360,1611062455746,1611063136199,0.680453,16506.83,391.688728
35,1024,1529082316022,1529206483585,124.167563,1611195431359,1611196897645,1.466286,65975.36,372.111797
36,1024,1529216733512,1529588441174,371.707662,1611576384866,1611577012988,0.628122,22038.82,247.540099
37,1024,1529594804381,1529701221820,106.417439,1611689682530,1611690519067,0.836537,76979.86,265.290223
38,1024,1529707427814,1529810889378,103.461564,1611799340669,1611800440594,1.099925,79179.16,2.955875
39,1024,1529816520965,1529928177361,111.656396,1611916103687,1611917106243,1.002556,73367.94,8.194832
40,1024,1529933808908,1530108636598,174.827690,1612094246296,1612095461361,1.215065,46857.57,63.171294
41,1024,1530114392890,1530252191959,137.799069,1612237373553,1612239443623,2.070070,59448.88,37.028621
42,1024,1530258535034,1530363540993,105.005959,1612349706197,1612352491071,2.784874,78014.62,32.793110
43,1024,1530377221481,1530517315758,140.094277,1612504153984,1612505822755,1.668771,58474.91,35.088318
44,1024,1530527109878,1530639313422,112.203544,1612620554732,1612628077754,7.523022,73010.17,27.890733
45,1024,1530650864979,1530778949013,128.084034,1612765057619,1612766049307,0.991688,63958.01,15.880490
46,1024,1530795552699,1531003433736,207.881037,1612989221152,1612990655181,1.434029,39407.15,79.797003
47,1024,1531010078222,1531119688524,109.610302,1613100475063,1613104637902,4.162839,74737.50,98.270735
48,1024,1531126248915,1531236812979,110.564064,1613224121092,1613224929099,0.808007,74092.79,0.953762
49,1024,1531256381879,1531369932575,113.550696,1613348779464,1613351919454,3.139990,72143.99,2.986632
50,1024,1531384341139,1531492566944,108.225805,1613479031245,1613480494003,1.462758,75693.59,5.324891
51,1024,1531502366439,1531615215709,112.849270,1613600920897,1613601875626,0.954729,72592.41,4.623465
52,1024,1531624036481,1531730548466,106.511985,1613716323265,1613717889544,1.566279,76911.53,6.337285
53,1024,1531750667133,1531854542507,103.875374,1613841317634,1613842187849,0.870215,78863.74,2.636611
54,1024,1531861043691,1531989058026,128.014335,1613974238042,1613976311181,2.073139,63992.83,24.138961
55,1024,1532002431106,1532107206855,104.775749,1614092894895,1614094671535,1.776640,78186.03,23.238586
56,1024,1532112625233,1532222651098,110.025865,1614209638732,1614210031073,0.392341,74455.22,5.250116
57,1024,1532232535584,1532336486714,103.951130,1614323328480,1614323638716,0.310236,78806.26,6.074735
58,1024,1532349951488,1532456383229,106.431741,1614441187990,1614442419023,1.231033,76969.52,2.480611
59,1024,1532470398082,1532579074216,108.676134,1614563575245,1614565044868,1.469623,75379.94,2.244393
60,1024,1532585495422,1532692921306,107.425884,1614677642690,1614679588320,1.945630,76257.23,1.250250
61,1024,1532702853488,1532805813355,102.959867,1614791617884,1614792244697,0.626813,79564.98,4.466017
62,1024,1532817597454,1532920192280,102.594826,1614906234518,1614906611002,0.376484,79848.08,0.365041
63,1024,1532930051864,1533040340660,110.288796,1615026564414,1615026819312,0.254898,74277.72,7.693970
64,1024,1533059279757,1533165851912,106.572155,1615149235881,1615150338845,1.102964,76868.11,3.716641
65,1024,1533172618879,1533280002208,107.383329,1615264514523,1615264987500,0.472977,76287.45,0.811174
66,1024,1533318928707,1533430549476,111.620769,1615414757657,1615415344771,0.587114,73391.36,4.237440
67,1024,1533437508650,1533554918602,117.409952,1615539842185,1615540515896,0.673711,69772.62,5.789183
68,1024,1533635839339,1533773548450,137.709111,1615757452110,1615758460408,1.008298,59487.71,20.299159
69,1024,1533819482765,1533936128086,116.645321,1615921002268,1615921485339,0.483071,70229.99,21.063790
70,1024,1533954146302,1534076578691,122.432389,1616061546299,1616061970686,0.424387,66910.40,5.787068
71,1024,1534087438143,1534189699701,102.261558,1616174801864,1616175115077,0.313213,80108.30,20.170831
72,1024,1534197862762,1534306703624,108.840862,1616287191513,1616291909861,4.718348,75265.85,6.579304
73,1024,1534312526701,1534426197020,113.670319,1616409779007,1616410567127,0.788120,72068.07,4.829457
74,1024,1534438929713,1534542976952,104.047239,1616527664218,1616528049024,0.384806,78733.47,9.623080
75,1024,1534552740403,1534656704864,103.964461,1616640399735,1616641402882,1.003147,78796.16,0.082778
76,1024,1534665778692,1534776575313,110.796621,1616758488868,1616759229732,0.740864,73937.27,6.832160
77,1024,1534782153543,1534894935815,112.782272,1616879084875,1616879405798,0.320923,72635.53,1.985651
78,1024,1534902306875,1535041488473,139.181598,1617023803714,1617024515154,0.711440,58858.36,26.399326
79,1024,1535053992923,1535160749143,106.756220,1617142984635,1617144786741,1.802106,76735.58,32.425378
80,1024,1535169185148,1535281416724,112.231576,1617258930537,1617265214871,6.284334,72991.94,5.475356
81,1024,1535286818928,1535394343439,107.524511,1617375919429,1617377877885,1.958456,76187.28,4.707065
82,1024,1535404871537,1535509861778,104.990241,1617491942970,1617493138201,1.195231,78026.30,2.534270
83,1024,1535521382150,1535642003518,120.621368,1617625237346,1617625630494,0.393148,67915.00,15.631127
84,1024,1535648955212,1535765676051,116.720839,1617748673609,1617749292013,0.618404,70184.55,3.900529
85,1024,1535787515572,1535893184123,105.668551,1617875116003,1617876914361,1.798358,77525.43,11.052288
86,1024,1535900003409,1536022198949,122.195540,1618000395781,1618001224226,0.828445,67040.09,16.526989
87,1024,1536029790088,1536373042876,343.252788,1618353522640,1618355597478,2.074838,23865.79,221.057248
88,1024,1536378470071,1536590102655,211.632584,1618570601146,1618572222498,1.621352,38708.60,131.620204
89,1024,1536596277592,1536698969491,102.691899,1618681445062,1618681739408,0.294346,79772.60,108.940685
90,1024,1536711873000,1536863654587,151.781587,1618844676259,1618845815214,1.138955,53972.29,49.089688
91,1024,1536870903949,1536978888060,107.984111,1618960446955,1618961345113,0.898158,75863.01,43.797476
92,1024,1537029242509,1537155950584,126.708075,1619136638899,1619138247686,1.608787,64652.55,18.723964
93,1024,1537185816510,1537296686874,110.870364,1619275950526,1619278316477,2.365951,73888.10,15.837711
94,1024,1537305746167,1537410993586,105.247419,1619389738498,1619392964831,3.226333,77835.64,5.622945
95,1024,1537416665320,1537523404779,106.739459,1619504815318,1619505239215,0.423897,76747.63,1.492040
96,1024,1537534262105,1537647896432,113.634327,1619628994886,1619629368367,0.373481,72090.89,6.894868
97,1024,1537659416454,1537774444145,115.027691,1619755969068,1619756367595,0.398527,71217.63,1.393364
98,1024,1537782383210,1537890597058,108.213848,1619871141731,1619872297056,1.155325,75701.96,6.813843
99,1024,1537897032956,1538006078394,109.045438,1619983749451,1619985169239,1.419788,75124.65,0.831590
100,1024,1538012930941,1538120536510,107.605569,1620100706214,1620101850316,1.144102,76129.89,1.439869
